A=[3 -3 3; -3 5 1; 3 1 5];
b=[9 7 -12];
x0=[1 1 1];
tol=10^(-3);
maxIter=10;


